chosica_elevation.asc
ncols        263
nrows        263
xllcorner    -76.722866167406
yllcorner    -11.956990632977
cellsize     0.000113713219
NODATA_value 0
[rows 41 to 81 of 263, columns 0 to 92 of 263]
0 1202 1197 1192 1186 1178 1170 1162 1154 1147 1142 1136 1131 1126 1126 1120 1114 1106 1099 1091 1085 1081 1077 1073 1070 1066 1061 1056 1051 1046 1043 1040 1036 1033 1029 1023 1018 1016 1015 1016 1017 1018 1018 1018 1018 1017 1018 1020 1023 1027 1031 1036 1043 1048 1053 1057 1061 1064 1068 1073 1078 1086 1096 1106 1118 1127 1134 1139 1143 1148 1153 1158 1164 1167 1169 1170 1169 1168 1169 1170 1171 1174 1175 1176 1177 1178 1179 1181 1185 1189 1193 1199 1206
0 1196 1191 1186 1181 1174 1166 1158 1151 1145 1139 1133 1128 1123 1118 1118 1111 1104 1097 1089 1083 1079 1076 1073 1070 1066 1062 1057 1052 1047 1044 1041 1037 1034 1029 1024 1019 1016 1015 1015 1016 1018 1018 1017 1016 1015 1015 1017 1020 1024 1028 1032 1038 1043 1048 1052 1056 1060 1064 1068 1072 1080 1089 1100 1112 1123 1130 1135 1140 1144 1148 1153 1158 1160 1161 1162 1161 1161 1161 1162 1164 1166 1168 1170 1171 1172 1174 1176 1180 1185 1189 1194 1201
0 1191 1185 1180 1175 1169 1162 1155 1149 1143 1136 1130 1125 1120 1115 1115 1109 1103 1096 1089 1083 1078 1074 1071 1069 1065 1061 1057 1052 1047 1044 1041 1038 1034 1030 1025 1020 1017 1015 1014 1016 1017 1017 1016 1015 1013 1013 1014 1017 1020 1024 1028 1032 1037 1041 1046 1050 1054 1058 1062 1067 1074 1083 1094 1107 1118 1127 1133 1137 1140 1143 1146 1149 1152 1153 1154 1154 1153 1153 1154 1155 1156 1158 1160 1163 1165 1168 1171 1177 1182 1187 1192 1198
0 1188 1182 1176 1171 1165 1158 1152 1147 1141 1134 1128 1123 1118 1113 1108 1108 1102 1095 1089 1082 1077 1072 1070 1068 1064 1060 1056 1051 1047 1044 1041 1038 1034 1030 1025 1021 1017 1015 1014 1015 1016 1016 1015 1014 1012 1011 1012 1014 1016 1020 1023 1027 1031 1036 1040 1045 1049 1053 1057 1062 1069 1078 1088 1101 1112 1122 1130 1134 1136 1137 1139 1141 1143 1145 1146 1146 1145 1145 1145 1145 1147 1149 1152 1155 1159 1162 1167 1174 1180 1185 1190 1195
0 1188 1181 1175 1168 1162 1156 1151 1145 1140 1134 1128 1122 1117 1112 1107 1101 1101 1094 1088 1082 1076 1072 1069 1066 1063 1060 1056 1051 1047 1044 1041 1038 1034 1030 1025 1021 1018 1015 1014 1014 1015 1014 1013 1012 1010 1009 1010 1011 1013 1016 1019 1023 1027 1031 1035 1040 1044 1049 1053 1059 1065 1073 1082 1093 1104 1114 1124 1129 1131 1133 1132 1132 1134 1136 1137 1137 1136 1136 1136 1137 1138 1141 1144 1149 1153 1158 1164 1170 1176 1181 1186 1191
0 1191 1183 1175 1167 1161 1155 1150 1145 1139 1133 1128 1123 1117 1112 1106 1100 1100 1094 1087 1082 1076 1072 1069 1066 1062 1059 1055 1051 1047 1044 1041 1037 1033 1029 1025 1022 1019 1016 1014 1014 1013 1012 1010 1009 1008 1008 1008 1009 1010 1013 1016 1020 1024 1028 1031 1035 1040 1045 1050 1056 1062 1069 1076 1085 1094 1105 1116 1123 1126 1127 1125 1123 1125 1127 1129 1128 1127 1127 1128 1129 1131 1133 1138 1143 1149 1155 1161 1166 1171 1177 1182 1187
0 1193 1185 1176 1167 1161 1155 1150 1144 1139 1133 1128 1123 1118 1112 1106 1100 1094 1094 1088 1082 1077 1073 1069 1066 1063 1059 1056 1051 1047 1043 1040 1036 1032 1029 1025 1022 1019 1016 1014 1012 1011 1009 1008 1007 1006 1006 1006 1006 1008 1010 1013 1017 1021 1025 1028 1031 1036 1041 1046 1052 1058 1064 1071 1079 1087 1097 1107 1114 1117 1118 1117 1115 1117 1119 1120 1120 1119 1119 1120 1121 1124 1127 1132 1138 1144 1151 1157 1163 1169 1174 1180 1184
0 1195 1187 1178 1169 1162 1156 1150 1144 1138 1133 1129 1124 1118 1113 1106 1100 1095 1089 1089 1084 1079 1075 1071 1068 1064 1060 1056 1051 1047 1043 1039 1035 1031 1028 1025 1022 1019 1016 1014 1011 1008 1006 1005 1004 1004 1004 1003 1004 1005 1007 1010 1015 1019 1022 1025 1028 1032 1036 1042 1048 1054 1060 1067 1074 1081 1089 1097 1102 1105 1107 1108 1108 1109 1112 1113 1112 1112 1112 1113 1115 1118 1122 1128 1134 1141 1148 1155 1161 1167 1173 1178 1181
0 1200 1192 1182 1173 1165 1158 1151 1145 1139 1135 1130 1125 1120 1114 1107 1101 1096 1091 1091 1087 1082 1078 1074 1070 1066 1061 1056 1051 1047 1043 1039 1035 1031 1027 1024 1022 1019 1016 1012 1009 1006 1004 1003 1002 1002 1002 1001 1001 1003 1005 1008 1012 1016 1020 1022 1025 1028 1032 1038 1044 1050 1057 1063 1069 1075 1081 1087 1092 1094 1097 1098 1100 1102 1104 1105 1104 1104 1105 1106 1108 1112 1117 1123 1130 1137 1144 1151 1158 1164 1170 1175 1177
0 1207 1199 1188 1177 1168 1161 1154 1148 1143 1139 1134 1128 1122 1116 1109 1103 1099 1094 1090 1090 1085 1081 1077 1073 1067 1061 1056 1051 1047 1043 1039 1035 1031 1027 1024 1021 1018 1014 1011 1006 1003 1002 1001 1001 1000 1000 999 999 1000 1002 1005 1009 1013 1017 1020 1023 1025 1029 1035 1041 1048 1054 1059 1065 1069 1075 1079 1083 1085 1088 1090 1092 1094 1095 1096 1096 1096 1098 1099 1103 1107 1112 1118 1125 1132 1139 1146 1153 1159 1164 1168 1171
0 1215 1208 1195 1183 1173 1164 1157 1153 1148 1143 1138 1132 1125 1119 1112 1106 1101 1097 1093 1089 1089 1084 1081 1076 1070 1063 1056 1051 1047 1043 1040 1036 1032 1028 1025 1022 1018 1013 1009 1004 1001 1000 1000 1000 999 998 997 997 998 1000 1003 1006 1010 1014 1017 1020 1022 1026 1032 1039 1045 1051 1056 1060 1064 1068 1072 1075 1077 1079 1081 1083 1085 1086 1087 1087 1088 1091 1094 1098 1102 1108 1114 1121 1127 1134 1141 1148 1154 1158 1161 1164
0 1223 1216 1203 1189 1179 1169 1162 1157 1153 1148 1143 1136 1130 1123 1116 1110 1105 1100 1096 1092 1092 1088 1085 1081 1074 1066 1060 1054 1049 1045 1042 1038 1034 1030 1026 1023 1018 1012 1007 1003 1000 999 1000 999 998 997 997 996 997 998 1000 1002 1006 1010 1014 1017 1019 1022 1028 1034 1040 1046 1051 1055 1058 1062 1065 1067 1069 1070 1072 1074 1076 1078 1079 1080 1082 1085 1089 1093 1099 1104 1110 1117 1123 1130 1136 1143 1149 1153 1156 1158
0 1231 1225 1211 1197 1185 1175 1168 1163 1158 1153 1147 1141 1135 1128 1120 1114 1108 1104 1099 1095 1092 1092 1090 1087 1080 1072 1065 1058 1053 1048 1044 1040 1036 1032 1028 1024 1018 1011 1005 1002 999 999 999 999 998 997 996 996 995 995 996 998 1001 1005 1010 1013 1016 1019 1024 1029 1035 1040 1045 1049 1053 1056 1058 1060 1061 1062 1063 1065 1068 1070 1073 1074 1076 1080 1084 1089 1095 1101 1107 1113 1119 1126 1132 1139 1145 1149 1151 1153
0 1236 1230 1216 1202 1190 1180 1173 1168 1163 1157 1152 1146 1140 1133 1125 1118 1112 1107 1103 1099 1096 1095 1095 1092 1086 1078 1071 1063 1057 1051 1046 1041 1038 1034 1030 1026 1019 1011 1005 1001 999 998 999 998 998 997 996 994 994 993 993 995 998 1002 1006 1009 1012 1015 1019 1024 1029 1035 1039 1043 1047 1049 1052 1053 1054 1055 1056 1058 1061 1064 1067 1068 1071 1075 1080 1086 1092 1098 1104 1110 1116 1122 1128 1135 1140 1144 1147 1147
0 1238 1231 1217 1204 1194 1185 1178 1173 1168 1162 1156 1151 1145 1138 1130 1122 1116 1111 1107 1103 1101 1100 1098 1098 1093 1085 1078 1070 1062 1054 1048 1042 1039 1035 1031 1027 1020 1012 1006 1002 999 998 998 998 997 996 994 992 991 990 990 992 995 998 1002 1006 1009 1012 1015 1019 1023 1029 1033 1038 1041 1043 1045 1046 1047 1049 1051 1053 1056 1058 1061 1064 1067 1071 1076 1082 1088 1095 1101 1107 1113 1119 1124 1130 1135 1140 1142 1143
0 1239 1232 1219 1206 1197 1190 1183 1177 1172 1166 1160 1155 1150 1144 1135 1127 1120 1115 1110 1107 1105 1104 1103 1103 1098 1091 1083 1074 1066 1058 1050 1044 1040 1036 1032 1028 1022 1014 1008 1003 999 998 997 997 996 995 993 990 989 987 987 989 992 995 999 1002 1005 1008 1010 1013 1017 1022 1027 1031 1035 1037 1038 1040 1042 1043 1046 1049 1051 1053 1056 1059 1063 1068 1073 1079 1085 1091 1097 1103 1108 1114 1119 1124 1129 1133 1136 1137
0 1241 1234 1221 1209 1200 1192 1186 1181 1175 1169 1164 1160 1156 1150 1141 1132 1124 1117 1113 1110 1107 1106 1103 1098 1098 1092 1084 1076 1068 1060 1052 1045 1041 1036 1033 1029 1023 1016 1010 1004 1000 997 996 995 995 993 991 989 987 986 986 987 990 992 995 998 1000 1002 1004 1007 1010 1015 1019 1024 1028 1030 1032 1034 1036 1038 1041 1044 1046 1049 1052 1055 1060 1065 1070 1076 1082 1088 1093 1097 1102 1106 1110 1115 1120 1124 1127 1127
0 1243 1236 1225 1213 1203 1195 1188 1183 1178 1172 1167 1164 1163 1157 1148 1138 1129 1121 1115 1112 1110 1106 1102 1097 1090 1090 1084 1077 1070 1062 1054 1047 1041 1036 1032 1029 1024 1018 1012 1006 1001 998 996 994 993 992 990 988 986 985 985 986 988 990 992 993 994 996 997 1000 1003 1007 1012 1016 1020 1023 1025 1028 1031 1034 1037 1039 1042 1044 1047 1052 1056 1062 1068 1074 1080 1084 1088 1091 1094 1097 1100 1104 1109 1112 1115 1116
0 1247 1241 1232 1222 1211 1199 1191 1185 1180 1175 1172 1170 1170 1165 1156 1146 1137 1127 1121 1115 1110 1104 1099 1093 1088 1088 1082 1077 1070 1063 1056 1049 1042 1036 1033 1029 1024 1019 1014 1007 1002 998 996 994 993 991 989 987 985 984 984 985 986 987 988 989 989 990 992 994 997 1001 1004 1009 1013 1016 1019 1022 1025 1028 1031 1035 1037 1040 1043 1048 1053 1059 1065 1071 1076 1080 1083 1085 1087 1089 1091 1094 1097 1099 1102 1103
0 1253 1249 1244 1236 1222 1205 1194 1187 1182 1179 1177 1176 1177 1174 1166 1156 1147 1138 1128 1119 1109 1101 1093 1088 1084 1080 1080 1075 1071 1065 1058 1051 1043 1037 1033 1029 1025 1021 1015 1009 1004 999 996 994 992 991 989 987 985 984 983 984 984 985 985 985 985 986 987 989 991 994 998 1002 1006 1009 1013 1016 1019 1022 1026 1030 1033 1035 1039 1043 1049 1055 1062 1067 1072 1075 1078 1080 1081 1082 1083 1083 1084 1085 1086 1088
0 1258 1256 1254 1248 1231 1211 1198 1190 1185 1183 1182 1182 1183 1180 1174 1166 1157 1148 1137 1124 1112 1101 1092 1086 1082 1079 1075 1075 1071 1066 1060 1053 1046 1039 1034 1030 1026 1022 1017 1011 1005 1000 996 994 992 991 989 987 986 984 983 983 983 983 983 982 982 983 984 985 987 989 992 996 1000 1004 1008 1011 1014 1017 1021 1025 1029 1031 1035 1039 1044 1051 1058 1063 1066 1070 1072 1075 1076 1076 1075 1074 1073 1073 1073 1076
0 1265 1263 1262 1256 1238 1217 1203 1195 1189 1188 1188 1188 1187 1185 1180 1174 1167 1159 1148 1133 1119 1107 1097 1090 1084 1079 1075 1075 1071 1067 1063 1057 1050 1043 1038 1032 1028 1024 1019 1013 1007 1002 997 994 992 991 989 987 986 983 982 982 981 981 981 981 981 981 982 983 985 987 989 993 996 999 1003 1006 1009 1012 1017 1021 1024 1027 1031 1035 1039 1045 1051 1056 1060 1064 1067 1069 1070 1069 1068 1066 1065 1065 1066 1069
0 1271 1269 1268 1261 1243 1222 1208 1199 1194 1193 1193 1192 1190 1187 1184 1180 1175 1169 1158 1142 1128 1117 1107 1098 1090 1083 1077 1073 1073 1070 1068 1062 1055 1048 1041 1035 1030 1026 1020 1014 1008 1002 998 994 992 991 989 987 985 983 982 981 980 980 979 979 980 980 981 982 983 985 987 990 994 996 999 1001 1005 1008 1013 1017 1021 1024 1027 1030 1034 1039 1044 1049 1053 1057 1061 1063 1064 1062 1061 1059 1058 1059 1061 1064
0 1275 1273 1271 1264 1247 1226 1212 1204 1198 1197 1197 1194 1192 1189 1187 1183 1179 1174 1164 1149 1136 1128 1120 1111 1102 1093 1086 1080 1076 1076 1074 1069 1061 1053 1046 1039 1033 1027 1021 1014 1007 1001 997 994 992 990 988 987 985 982 981 980 979 978 978 978 979 980 980 981 982 983 985 988 991 994 996 999 1002 1005 1009 1013 1017 1021 1024 1026 1030 1034 1038 1042 1046 1050 1053 1055 1055 1055 1054 1053 1053 1054 1056 1060
0 1277 1274 1271 1264 1248 1230 1217 1208 1202 1200 1199 1196 1192 1189 1187 1184 1180 1175 1166 1155 1145 1140 1136 1128 1119 1109 1099 1090 1085 1085 1082 1076 1067 1059 1051 1044 1036 1028 1020 1012 1004 999 995 992 990 989 987 986 984 982 980 979 978 977 977 978 979 979 980 980 981 982 984 987 990 992 995 997 1000 1003 1007 1010 1014 1018 1021 1023 1025 1028 1032 1035 1039 1041 1044 1045 1046 1046 1047 1047 1048 1050 1053 1057
0 1280 1276 1272 1264 1250 1233 1220 1211 1205 1202 1200 1196 1192 1189 1188 1185 1181 1176 1169 1159 1152 1150 1148 1143 1135 1126 1114 1103 1095 1089 1089 1081 1072 1063 1055 1047 1038 1028 1019 1010 1002 997 994 991 989 987 986 985 983 981 979 978 976 976 976 977 978 979 979 979 980 981 982 985 988 991 993 996 998 1001 1004 1007 1011 1015 1018 1020 1021 1023 1025 1028 1031 1033 1035 1036 1038 1038 1040 1041 1043 1045 1049 1053
0 1283 1278 1273 1265 1251 1235 1223 1212 1205 1202 1200 1196 1192 1189 1188 1186 1182 1177 1171 1163 1157 1156 1156 1155 1152 1144 1133 1120 1109 1097 1086 1086 1074 1064 1056 1048 1039 1028 1018 1008 1000 995 993 990 987 985 984 983 982 980 979 977 975 975 975 976 977 978 978 978 978 979 980 983 986 989 992 995 996 999 1001 1004 1008 1012 1015 1016 1017 1018 1019 1020 1022 1024 1026 1028 1030 1031 1033 1035 1038 1041 1045 1049
0 1286 1281 1275 1266 1253 1238 1226 1215 1208 1204 1202 1198 1193 1190 1189 1187 1184 1180 1174 1167 1162 1162 1163 1164 1164 1159 1147 1133 1118 1103 1089 1089 1076 1065 1057 1049 1039 1027 1017 1007 999 995 992 989 986 984 983 982 981 980 978 976 974 973 974 975 976 977 977 977 977 977 979 981 984 987 991 993 995 996 998 1000 1004 1008 1011 1012 1013 1013 1013 1014 1015 1016 1018 1021 1023 1025 1027 1030 1033 1036 1040 1045
0 1291 1285 1277 1268 1256 1243 1232 1223 1215 1211 1207 1202 1197 1194 1192 1191 1188 1185 1181 1175 1171 1169 1169 1169 1170 1164 1151 1136 1119 1102 1088 1076 1076 1065 1056 1048 1037 1026 1016 1007 1000 995 992 989 985 983 982 981 980 979 977 975 973 972 973 973 974 975 976 976 976 976 977 979 982 985 989 991 993 994 995 997 1000 1003 1006 1007 1007 1007 1007 1008 1009 1010 1013 1015 1017 1020 1022 1025 1028 1032 1035 1040
0 1297 1289 1281 1271 1260 1249 1239 1232 1225 1219 1214 1209 1203 1200 1198 1196 1194 1192 1188 1184 1179 1176 1173 1172 1171 1164 1150 1133 1117 1100 1086 1075 1065 1065 1055 1045 1035 1024 1015 1007 1001 997 993 989 985 982 981 980 979 978 977 974 972 971 971 972 972 973 974 974 975 975 976 978 980 983 987 989 990 991 992 993 995 998 1000 1001 1001 1002 1002 1002 1003 1005 1008 1011 1013 1015 1018 1021 1024 1027 1031 1036
0 1300 1292 1285 1277 1268 1258 1250 1243 1237 1230 1223 1217 1212 1208 1205 1202 1200 1197 1194 1190 1185 1181 1176 1172 1169 1160 1145 1129 1113 1098 1086 1076 1066 1055 1055 1045 1034 1023 1015 1008 1003 998 994 990 986 983 981 980 979 977 976 974 972 971 971 970 971 971 972 973 973 974 975 976 978 981 984 986 987 988 989 989 991 993 995 995 996 996 997 998 999 1001 1004 1007 1009 1011 1014 1017 1020 1023 1027 1032
0 1300 1294 1291 1286 1279 1270 1263 1257 1250 1241 1233 1228 1224 1220 1215 1210 1206 1202 1198 1194 1189 1184 1177 1170 1162 1151 1136 1121 1108 1097 1087 1078 1069 1057 1057 1045 1034 1024 1016 1010 1005 1000 996 991 987 984 982 980 978 977 975 973 972 971 970 969 969 969 970 971 972 972 973 974 976 978 981 983 984 984 985 985 986 988 990 990 991 992 993 995 996 998 1001 1003 1005 1007 1010 1013 1016 1020 1024 1029
0 1301 1296 1294 1292 1286 1279 1273 1267 1260 1251 1242 1236 1233 1228 1222 1216 1210 1205 1201 1196 1191 1184 1176 1167 1156 1144 1130 1117 1106 1097 1088 1081 1071 1059 1047 1047 1036 1026 1018 1012 1007 1002 997 993 989 986 982 979 977 976 974 973 972 971 969 968 968 968 969 969 970 970 971 972 974 976 978 979 980 980 981 981 983 984 986 986 986 988 990 991 993 995 997 1000 1002 1004 1007 1010 1013 1017 1021 1027
0 1302 1298 1295 1291 1287 1283 1278 1272 1265 1256 1247 1241 1238 1232 1225 1218 1212 1205 1200 1195 1190 1182 1174 1163 1152 1141 1130 1119 1110 1101 1092 1082 1073 1061 1050 1040 1040 1030 1022 1015 1009 1003 999 994 991 987 983 979 977 975 973 973 972 970 969 967 967 967 967 967 968 968 969 970 971 972 974 975 976 977 977 978 979 981 982 983 983 984 986 987 989 992 994 996 999 1001 1004 1007 1010 1015 1019 1026
0 1302 1298 1294 1289 1287 1284 1280 1275 1268 1259 1250 1244 1240 1234 1227 1219 1211 1204 1198 1193 1187 1179 1170 1160 1149 1139 1131 1123 1114 1105 1094 1084 1073 1063 1053 1044 1044 1035 1027 1018 1011 1005 1000 996 993 989 984 980 976 974 973 972 971 970 968 967 966 965 965 965 966 966 967 968 968 969 970 971 972 973 974 975 977 978 979 980 981 981 982 984 986 988 991 993 996 999 1002 1004 1008 1012 1018 1025
0 1301 1298 1293 1288 1286 1284 1281 1276 1270 1262 1253 1246 1240 1234 1227 1219 1211 1203 1197 1191 1185 1177 1169 1160 1150 1141 1134 1126 1117 1106 1095 1083 1072 1063 1055 1046 1038 1038 1029 1020 1012 1007 1003 998 995 990 985 980 977 974 972 971 970 969 967 965 964 963 963 963 964 964 965 966 966 967 967 968 969 970 971 972 974 975 976 977 978 978 979 980 982 984 987 990 993 996 999 1002 1005 1010 1017 1024
0 1298 1296 1292 1287 1285 1282 1279 1276 1271 1263 1254 1247 1239 1232 1225 1218 1210 1202 1195 1189 1182 1176 1168 1161 1154 1146 1138 1129 1118 1106 1094 1080 1069 1062 1055 1048 1039 1031 1031 1022 1014 1009 1005 1001 997 992 987 981 977 974 972 971 970 968 966 964 962 961 961 962 962 963 963 964 964 964 964 965 966 967 968 969 971 973 974 975 976 976 976 977 979 981 983 986 990 994 997 999 1003 1009 1016 1023
0 1293 1292 1288 1285 1282 1280 1278 1275 1270 1263 1254 1246 1237 1229 1223 1216 1208 1200 1193 1186 1179 1174 1168 1162 1156 1149 1141 1132 1120 1106 1093 1079 1067 1061 1055 1048 1040 1032 1032 1023 1016 1011 1008 1003 999 994 988 982 978 975 972 970 969 966 964 962 960 959 960 960 961 961 962 962 962 962 962 962 963 964 965 967 968 970 971 972 973 973 974 974 976 977 980 983 986 990 994 996 999 1005 1013 1020
0 1286 1285 1282 1280 1279 1277 1276 1273 1269 1262 1253 1244 1235 1227 1221 1214 1206 1197 1189 1182 1176 1172 1168 1163 1158 1151 1144 1135 1122 1107 1092 1077 1065 1059 1054 1047 1040 1032 1024 1024 1018 1013 1010 1006 1000 995 989 984 979 975 972 970 967 964 962 960 959 959 959 960 960 960 960 961 961 961 960 961 961 961 962 963 965 966 968 969 970 971 971 972 973 975 977 979 982 985 988 991 994 1000 1008 1015
0 1279 1279 1277 1275 1274 1274 1272 1269 1265 1258 1250 1241 1232 1224 1218 1211 1202 1193 1185 1178 1173 1170 1168 1164 1159 1154 1147 1138 1124 1108 1092 1076 1064 1058 1054 1048 1040 1033 1026 1020 1020 1016 1012 1007 1001 996 990 985 980 976 973 969 966 963 960 958 958 958 958 959 959 959 959 960 960 960 959 959 959 959 960 961 962 963 965 966 967 968 969 970 971 972 974 976 978 980 983 985 989 995 1002 1010
0 1275 1274 1273 1271 1270 1268 1266 1262 1258 1251 1244 1236 1228 1220 1214 1207 1199 1190 1183 1176 1172 1170 1169 1166 1161 1156 1150 1142 1128 1111 1094 1077 1064 1059 1056 1050 1043 1036 1030 1023 1023 1018 1012 1007 1001 996 991 986 982 978 973 969 966 962 959 958 958 958 958 958 958 958 958 959 959 958 958 957 957 957 958 959 960 961 962 963 964 966 967 968 968 969 971 972 973 975 978 980 983 989 996 1003
