chosica_elevation.asc
ncols        263
nrows        263
xllcorner    -76.722866167406
yllcorner    -11.956990632977
cellsize     0.000113713219
NODATA_value 0
[rows 164 to 204 of 263, columns 93 to 185 of 263]
853 853 853 853 854 854 854 855 855 856 856 856 855 854 853 853 853 852 852 851 849 846 842 840 840 840 840 840 839 837 835 834 833 833 834 834 835 836 837 838 838 839 839 841 842 843 844 844 845 845 845 845 844 842 842 843 844 845 847 847 846 845 843 841 841 843 845 846 847 847 848 849 850 851 852 852 852 851 851 852 852 852 852 852 851 851 851 852 852 851 851 851 852
852 852 852 852 852 853 853 853 854 854 854 854 853 852 852 851 851 850 850 848 846 843 839 838 838 838 838 838 838 837 835 834 833 833 833 834 836 837 838 840 841 842 843 844 846 847 848 848 848 848 848 848 846 844 843 843 844 846 848 848 846 845 843 842 842 844 846 847 849 849 850 850 851 852 853 853 852 851 851 851 852 852 852 852 851 851 851 852 852 852 852 853 854
851 851 851 851 851 851 852 852 853 853 853 852 851 851 850 849 849 848 847 845 842 839 837 835 836 836 836 837 836 836 835 833 832 832 833 834 837 839 840 842 843 845 846 848 849 850 852 852 851 851 851 851 849 846 845 844 844 846 849 849 847 845 844 843 844 846 848 849 850 851 852 853 853 853 853 853 852 851 851 851 851 851 852 852 851 851 851 851 852 853 854 855 856
851 851 851 850 849 849 850 850 851 852 852 851 850 849 848 847 847 846 845 842 839 837 834 833 834 834 835 835 835 835 834 833 832 832 833 834 837 840 842 844 846 847 849 850 851 852 854 854 853 853 854 854 852 849 847 845 845 847 850 851 849 848 847 846 847 849 850 851 852 853 853 854 853 853 853 853 852 852 851 851 851 852 852 852 851 851 851 851 852 854 855 857 858
850 850 850 849 848 848 849 850 850 851 852 851 849 847 846 845 844 844 843 840 837 834 831 831 832 833 834 834 833 833 832 831 831 832 833 835 838 841 844 846 848 849 851 852 852 853 854 854 855 855 856 857 855 852 850 848 848 850 852 854 853 853 852 852 852 854 854 854 853 853 854 854 854 854 853 853 853 852 852 852 853 853 853 853 851 851 851 852 853 855 856 858 859
849 849 849 848 847 847 848 849 851 851 852 851 848 845 844 843 842 842 841 838 834 831 829 829 831 832 833 833 832 831 831 831 831 832 833 836 839 842 845 848 850 851 852 852 853 853 854 854 855 856 858 860 858 855 853 851 851 852 855 856 857 858 857 857 857 858 857 856 854 854 854 854 854 854 854 853 853 853 853 854 854 854 854 854 852 851 852 853 855 856 858 859 860
847 847 848 847 847 847 848 849 851 851 852 851 848 844 843 841 840 840 838 835 832 829 827 827 829 831 832 832 832 830 830 830 831 832 834 836 840 843 847 849 851 851 851 852 853 853 853 854 856 857 860 862 861 858 857 855 855 856 857 859 861 862 862 861 861 860 859 857 855 855 855 855 854 854 854 854 854 854 855 856 856 856 856 855 854 853 854 855 857 859 860 861 861
845 846 846 846 847 847 848 849 851 852 852 851 847 844 841 840 838 837 836 832 829 827 825 826 828 829 831 832 832 830 830 831 832 833 834 837 841 844 848 851 851 851 851 852 852 852 853 854 856 858 861 864 863 861 860 859 858 859 860 862 864 866 866 865 864 863 861 859 857 856 856 855 855 855 855 855 855 855 856 857 858 858 857 856 855 855 855 857 858 861 862 862 862
844 844 845 845 846 847 848 849 851 851 850 850 846 843 840 838 836 835 833 830 828 826 825 825 827 829 831 832 832 831 831 832 833 834 835 838 842 845 849 851 852 851 851 851 852 852 852 854 857 860 863 865 865 863 862 861 861 861 862 863 865 867 866 866 865 864 862 860 858 858 858 857 857 856 856 856 856 856 857 858 859 858 858 857 856 856 856 857 859 861 862 862 862
842 843 843 844 846 847 848 849 850 850 848 845 845 841 838 836 834 832 830 828 826 825 825 826 828 829 830 832 833 833 834 834 834 835 836 839 843 846 849 851 851 851 851 851 852 852 852 854 858 861 864 866 866 865 864 863 862 863 863 864 865 866 866 865 865 864 863 861 860 860 860 860 859 858 857 857 857 857 857 858 859 859 858 858 856 856 856 857 858 860 861 861 861
841 841 843 844 845 846 848 849 849 849 847 843 843 840 837 834 832 830 829 827 826 826 826 827 828 829 831 832 834 835 836 836 836 836 838 840 844 847 849 851 851 851 851 852 852 852 852 855 858 862 864 866 866 866 865 864 863 863 864 864 865 865 865 865 865 865 864 863 862 861 862 861 860 859 858 857 857 857 857 858 859 859 858 857 856 856 856 857 858 859 860 860 859
839 840 842 843 845 846 847 848 848 848 845 842 838 838 835 832 831 830 829 828 827 827 827 828 829 830 832 833 835 836 837 837 837 838 839 841 845 848 849 850 851 851 852 852 853 852 853 854 858 861 864 865 866 866 866 865 864 863 863 864 864 864 864 864 865 865 865 864 863 863 863 862 862 861 859 857 856 856 857 857 858 858 857 856 855 855 855 856 856 857 858 858 857
838 840 842 843 844 845 847 847 847 846 843 840 836 834 834 831 830 829 829 829 829 829 829 829 830 831 833 835 836 837 838 838 838 839 840 843 846 848 849 850 851 852 852 853 853 853 853 854 858 861 863 865 866 866 866 865 864 863 863 863 864 864 864 864 865 866 866 865 864 864 863 863 863 862 859 857 856 856 856 857 857 857 856 856 854 854 854 855 855 856 856 856 856
837 839 841 842 844 845 846 846 845 844 841 838 835 833 833 831 830 830 830 830 830 830 831 831 832 833 834 836 837 838 838 838 839 840 841 843 846 848 850 850 851 852 853 853 853 853 853 854 857 859 862 864 865 866 866 865 865 864 864 864 864 864 864 865 866 867 867 866 865 864 864 863 863 862 860 858 857 856 856 856 856 856 855 855 854 853 853 854 854 855 855 855 856
837 838 839 841 843 844 845 845 843 841 839 836 833 832 831 831 831 831 831 831 832 832 832 833 834 835 836 837 838 838 838 838 839 840 842 844 846 848 850 851 853 853 854 853 853 853 853 854 856 858 860 863 864 866 866 866 866 865 865 864 864 865 865 866 867 868 867 866 865 864 864 864 863 863 861 860 858 857 856 856 856 855 855 854 853 853 853 853 854 854 855 856 856
836 837 838 840 842 843 843 843 841 838 836 833 832 831 831 831 831 831 831 832 832 833 833 834 835 836 838 839 839 838 838 839 839 841 843 845 847 849 850 852 853 854 855 854 853 853 853 854 855 857 860 862 864 866 867 867 867 866 866 866 866 866 867 868 868 868 868 867 865 865 864 864 864 863 862 861 860 859 858 857 857 856 856 855 854 853 853 853 854 855 856 858 859
836 837 838 839 840 842 842 842 839 836 833 831 830 830 830 831 831 831 831 832 833 833 834 835 837 838 840 841 840 839 839 839 840 841 843 845 847 849 851 853 854 855 856 855 854 854 854 855 856 858 860 862 864 866 868 868 868 868 868 868 868 869 869 869 869 869 868 867 866 866 865 864 864 864 863 863 862 861 860 860 859 859 858 857 856 855 854 853 854 857 859 862 864
837 837 838 839 840 840 841 840 836 832 830 829 829 829 830 830 831 831 831 832 833 834 835 836 838 840 841 842 842 841 840 840 840 841 843 845 847 849 851 853 854 856 856 856 855 855 855 856 857 859 861 863 865 867 869 869 869 869 869 869 870 870 870 870 870 869 869 868 867 866 865 865 864 864 864 864 864 863 862 862 861 861 860 859 857 856 855 854 856 858 862 866 869
838 838 839 839 840 839 837 837 833 829 827 827 827 828 829 830 830 831 831 832 833 834 835 837 839 841 842 844 844 843 842 841 841 842 843 845 847 849 851 852 854 855 856 856 856 856 856 857 858 860 862 864 866 869 870 870 870 870 870 870 870 871 871 871 871 870 869 869 868 867 866 865 865 865 865 865 865 865 865 864 863 862 861 860 858 857 856 856 858 860 864 868 872
840 840 840 839 839 837 834 831 830 825 824 824 825 827 828 829 830 831 831 832 833 834 836 838 840 841 843 845 845 844 843 842 842 842 843 845 847 848 850 852 853 855 855 856 856 857 857 858 860 861 863 865 868 870 871 871 871 870 870 870 871 871 872 872 871 871 870 869 868 867 866 866 865 865 865 866 866 867 867 866 865 863 861 860 859 859 858 858 860 862 865 870 874
842 842 840 839 837 834 831 827 824 823 822 823 824 826 827 829 831 832 833 833 834 835 837 839 840 842 844 845 845 845 844 843 843 843 844 845 846 848 849 851 852 854 855 855 856 857 859 860 861 862 864 866 868 870 872 872 872 871 871 871 871 871 872 872 872 870 869 869 868 867 866 865 865 865 865 866 867 868 868 867 866 864 862 860 860 859 860 860 862 864 866 871 874
843 842 840 838 835 832 828 825 823 821 821 822 823 825 827 829 831 833 835 836 836 837 838 839 841 842 844 845 845 845 845 844 843 843 844 844 845 847 848 850 851 852 854 855 857 858 860 861 862 863 865 867 868 870 872 872 873 872 872 871 872 872 872 872 871 870 869 868 867 866 865 864 863 863 865 867 868 868 868 867 866 864 862 860 860 860 861 862 863 865 867 871 873
842 841 839 836 832 828 826 824 823 822 823 822 823 825 827 829 832 834 836 838 838 838 839 840 841 842 844 845 845 845 845 845 844 844 844 844 845 846 848 850 851 852 854 855 857 859 861 862 862 863 865 867 868 870 871 872 873 873 872 872 872 872 872 872 871 870 869 868 867 866 864 863 863 863 865 867 868 869 869 868 866 864 862 860 860 860 862 863 865 866 868 871 873
840 839 838 834 829 826 824 823 823 824 824 824 824 826 827 830 834 836 838 840 840 840 840 840 841 842 843 844 845 845 845 845 845 845 845 845 846 847 849 850 852 853 855 856 858 860 862 863 863 863 864 866 868 869 871 872 873 873 873 873 873 873 872 871 870 869 868 868 867 866 864 863 863 863 865 867 868 870 870 869 867 864 862 860 860 861 863 865 867 868 869 871 872
837 836 835 832 828 825 824 823 824 825 826 826 827 827 829 832 835 838 840 841 841 840 840 840 841 842 843 844 844 845 845 846 846 846 846 846 847 848 850 852 853 854 856 857 859 861 863 863 863 863 864 866 867 869 871 872 873 874 874 874 873 873 872 871 870 869 869 869 868 867 865 864 864 864 866 868 869 871 871 870 868 865 863 861 861 862 864 867 868 869 870 871 871
832 833 833 831 828 825 824 824 825 826 827 828 829 830 830 833 836 839 840 841 841 840 840 840 841 842 843 844 844 845 846 847 847 847 847 848 849 850 852 854 855 856 857 858 860 862 863 864 863 863 865 866 867 869 870 872 873 874 875 875 874 873 872 872 871 870 870 870 870 870 869 868 867 866 868 869 871 873 873 871 869 867 864 864 864 865 867 868 869 870 870 870 870
829 830 831 830 827 826 825 824 825 827 828 829 830 831 832 834 837 839 840 840 840 839 839 839 840 841 843 844 845 845 846 847 849 849 849 850 850 852 854 856 857 857 858 859 861 862 864 864 864 864 865 867 868 869 871 872 874 875 876 876 875 874 873 873 872 871 871 872 873 873 873 872 870 869 870 872 873 875 875 873 870 869 867 867 868 869 870 870 870 870 870 870 870
826 827 829 828 827 827 826 825 826 828 829 830 831 831 833 835 838 839 840 840 839 838 839 840 840 841 843 844 845 846 847 848 850 850 851 851 852 853 856 858 858 858 859 860 861 862 864 864 864 865 866 867 868 869 871 873 874 875 876 876 875 874 874 874 874 873 874 875 876 877 878 877 875 874 874 875 876 878 879 877 875 874 873 873 874 874 874 873 872 871 871 870 871
824 825 826 827 827 827 826 826 827 829 830 830 831 832 833 835 837 839 839 839 838 837 838 840 841 841 843 844 846 847 848 849 850 851 852 853 854 855 857 859 860 859 860 860 861 862 864 865 865 866 866 867 868 870 871 873 874 875 875 875 875 875 875 876 876 876 876 878 879 881 882 882 880 879 878 878 880 882 883 883 883 882 881 881 881 880 879 877 875 874 873 872 872
821 822 824 825 825 826 826 826 827 829 830 831 832 832 832 834 836 837 838 838 837 837 838 839 841 841 843 845 846 847 849 850 851 852 853 854 855 856 858 860 860 860 860 860 861 862 863 865 865 866 866 867 868 870 872 873 874 875 875 875 875 875 876 877 878 878 879 881 883 884 885 886 886 885 884 883 884 887 889 891 892 891 890 889 887 886 884 881 879 877 875 874 874
819 820 821 822 824 825 825 826 827 829 830 831 832 832 832 833 834 836 836 837 837 837 838 840 841 843 843 845 847 848 849 850 851 852 853 854 855 856 858 859 860 860 861 861 861 862 863 864 865 866 867 867 869 870 871 873 873 874 874 874 874 875 877 878 879 880 881 883 885 887 888 890 890 891 890 889 891 894 897 901 903 902 900 897 894 891 889 887 884 881 879 877 877
817 818 819 820 822 823 824 825 827 828 830 831 832 832 832 833 834 835 836 837 837 838 839 840 841 843 846 846 847 848 849 851 852 853 854 854 855 856 858 859 860 861 861 862 862 862 863 864 865 866 867 868 869 870 871 872 873 873 873 873 874 875 877 879 880 881 882 885 887 889 891 893 895 896 896 896 899 903 907 911 914 912 909 905 900 896 894 892 889 885 882 880 879
816 816 817 819 820 821 823 825 826 828 829 831 832 832 832 832 833 835 836 838 837 837 838 840 841 844 846 846 847 848 850 851 852 853 854 855 856 857 858 859 860 861 862 862 863 863 863 864 865 867 867 868 869 871 872 873 873 873 873 873 874 875 877 879 881 882 884 886 888 890 893 896 898 901 902 904 907 913 917 922 924 922 916 911 906 902 900 898 894 889 885 882 880
816 816 817 818 819 820 822 824 825 827 829 831 832 832 832 833 833 835 837 838 838 837 838 840 842 844 846 848 848 849 850 852 853 854 856 856 857 857 858 859 860 861 862 863 863 863 863 864 866 868 868 869 870 871 872 873 874 874 874 874 875 876 878 879 881 883 884 886 889 892 895 898 901 905 908 911 917 923 929 933 934 930 922 916 911 907 905 903 898 892 887 883 880
817 816 817 817 818 820 821 823 825 827 829 831 832 832 833 833 834 836 838 840 839 838 839 841 843 845 847 849 850 850 851 853 855 856 858 858 858 859 859 859 860 862 863 864 864 864 864 865 867 868 869 869 870 871 873 874 874 874 874 875 875 877 878 880 882 883 885 887 889 892 896 900 904 908 912 917 924 931 937 941 941 936 928 922 917 912 910 907 902 896 890 885 882
818 817 817 817 818 819 820 822 824 827 829 831 832 833 833 834 835 837 839 841 841 841 842 845 844 847 849 851 852 852 853 856 858 859 860 861 860 860 860 860 861 862 864 864 865 865 865 866 868 869 869 870 871 872 873 874 875 875 875 875 876 877 879 881 882 884 886 888 890 893 896 901 906 911 916 922 928 936 941 945 945 941 934 928 922 918 915 911 906 900 894 888 884
819 818 818 818 819 820 821 822 824 827 829 831 832 832 833 834 836 838 841 843 844 844 846 850 853 850 853 854 855 857 857 860 862 863 864 864 863 862 862 862 863 863 864 865 866 866 867 867 868 869 870 871 872 872 873 874 875 875 876 876 877 878 880 882 883 885 887 888 890 893 896 901 907 913 919 925 931 938 943 946 947 944 938 933 927 922 919 915 910 904 898 892 887
820 819 819 819 819 820 821 822 824 826 828 830 831 832 833 834 837 840 842 845 847 849 852 856 860 863 859 860 861 863 866 866 868 869 868 867 865 864 863 863 864 864 865 866 867 867 868 869 869 870 871 872 872 873 874 875 876 876 877 878 879 880 881 883 884 886 887 888 890 892 896 901 908 914 920 926 932 937 941 945 947 945 941 936 930 925 921 918 913 908 902 896 891
820 820 819 820 820 820 821 822 824 826 828 829 831 832 833 835 838 841 844 847 851 854 858 863 867 870 873 868 869 871 874 874 875 875 872 870 868 866 865 865 865 865 866 867 868 868 869 870 871 872 872 872 873 873 874 875 877 878 878 879 880 882 883 883 885 886 887 888 889 892 896 902 909 915 921 926 931 934 938 943 946 945 943 939 933 928 924 921 916 912 907 900 895
820 820 820 820 820 820 821 822 823 825 826 829 830 832 833 835 838 841 846 850 855 859 864 870 874 877 879 882 877 878 881 882 882 880 876 873 870 868 866 866 866 866 867 868 869 869 870 871 872 873 874 874 874 874 875 876 877 878 879 880 882 883 884 884 885 886 887 888 889 892 896 902 909 915 921 926 929 932 935 940 944 944 943 940 936 932 928 924 919 914 909 903 898
820 821 821 821 820 820 821 822 823 824 826 828 830 832 834 836 839 843 848 853 858 863 869 875 880 882 884 887 891 886 887 887 884 884 880 876 872 869 868 867 867 867 868 868 869 870 871 872 874 875 875 876 876 875 876 877 878 879 879 881 882 884 884 885 885 886 887 887 889 892 896 901 908 915 920 924 927 929 933 937 941 942 942 941 940 938 933 927 921 914 908 903 899
