chosica_elevation.asc
ncols        263
nrows        263
xllcorner    -76.722866167406
yllcorner    -11.956990632977
cellsize     0.000113713219
NODATA_value 0
[rows 123 to 163 of 263, columns 93 to 185 of 263]
895 894 893 893 893 893 892 890 888 887 886 886 885 885 884 883 883 883 883 882 882 882 883 884 885 886 886 886 885 883 881 878 876 876 877 878 880 881 880 879 878 877 875 872 870 870 871 872 873 872 871 870 869 870 869 868 868 868 868 868 866 866 865 866 867 869 870 872 873 874 876 878 881 883 886 888 888 887 886 884 883 883 883 884 885 885 886 886 886 886 884 883 881
895 893 893 892 892 892 891 889 888 887 886 886 885 885 883 882 882 882 882 882 882 882 883 884 885 886 885 883 881 879 877 874 873 873 874 875 876 877 876 876 874 873 871 867 865 866 868 869 869 869 868 867 866 866 866 865 864 865 866 866 864 863 862 862 864 865 867 868 869 871 873 875 877 879 882 884 885 885 884 883 882 882 882 883 883 884 885 885 885 884 883 882 880
894 893 892 892 891 891 890 889 887 887 886 886 886 885 883 881 880 880 880 881 882 883 884 884 885 885 883 880 878 875 873 872 872 872 872 872 872 872 873 873 871 869 867 863 860 862 865 866 866 866 865 864 863 863 862 862 861 863 865 865 863 862 861 861 862 863 865 866 867 868 870 871 873 875 878 880 881 882 882 882 882 881 881 882 882 883 883 883 883 883 882 881 880
894 893 892 891 890 890 889 888 887 886 886 886 886 885 882 880 879 878 879 880 882 883 884 884 885 884 881 877 875 872 871 870 871 870 870 870 869 869 870 870 869 866 863 859 857 859 862 863 863 863 862 861 861 860 860 859 859 861 863 863 862 860 860 860 860 862 863 864 865 867 868 869 871 872 874 876 878 880 881 881 881 881 881 881 881 882 882 882 882 882 881 880 879
894 893 891 890 889 889 889 887 885 885 886 886 885 884 882 880 878 878 878 879 881 882 884 884 884 882 879 874 872 870 869 869 870 869 869 868 867 867 868 869 867 864 861 857 855 857 860 861 860 860 860 859 859 858 858 858 858 860 861 861 860 859 859 860 860 861 862 863 864 865 866 868 869 871 872 874 876 878 879 880 880 880 880 880 880 881 881 881 881 881 881 880 879
893 893 891 889 889 888 887 885 884 884 885 885 885 884 882 879 878 877 877 879 880 882 883 883 882 880 876 872 869 867 867 868 869 868 867 867 866 866 867 867 865 862 859 856 855 856 859 859 858 858 858 858 858 857 857 857 858 859 860 860 859 859 859 860 860 861 861 863 864 865 866 867 868 869 870 872 874 876 878 878 879 879 879 879 880 880 881 881 881 880 880 880 878
893 892 891 889 888 887 886 884 882 882 883 883 883 882 880 878 877 876 876 877 878 880 881 881 880 878 874 869 867 866 865 866 867 867 866 866 865 865 865 865 864 862 860 857 856 857 858 859 858 857 857 857 857 857 857 857 858 858 859 859 859 859 859 860 860 861 862 863 864 865 865 866 867 868 869 870 872 875 876 877 878 878 878 878 879 879 880 880 880 880 879 879 878
893 892 890 889 887 886 884 882 881 880 881 881 881 880 879 877 876 875 875 876 877 878 879 879 878 875 871 867 865 864 864 864 865 865 865 865 865 864 864 864 863 862 861 859 858 858 859 859 858 857 857 857 857 858 858 858 858 858 859 859 860 860 860 860 860 861 862 864 865 865 866 866 867 868 869 870 871 874 875 876 876 877 877 878 878 879 879 879 879 879 878 877 877
892 892 890 888 886 884 882 880 879 879 879 879 880 879 878 876 875 875 874 875 875 876 877 877 875 873 869 866 864 863 862 862 863 864 864 864 864 863 863 862 862 862 862 861 860 859 859 859 858 857 857 857 857 858 858 858 858 858 859 859 860 860 860 860 861 862 863 864 865 866 866 867 867 868 869 870 871 872 874 875 875 876 876 877 877 877 878 878 878 877 877 875 874
892 891 889 887 885 882 880 878 877 877 878 878 878 878 877 876 875 874 873 874 874 875 876 875 873 870 867 864 863 862 861 861 861 862 863 863 863 863 862 862 862 863 863 862 861 860 859 859 858 858 857 857 857 858 858 858 858 859 859 860 860 861 861 861 862 862 863 864 865 866 866 867 868 869 870 870 871 871 872 874 875 875 876 876 875 875 876 877 877 875 874 873 872
891 891 889 886 884 881 879 877 876 876 877 877 878 878 877 876 875 873 873 873 873 873 874 873 871 868 866 863 862 861 861 860 860 861 862 862 862 862 861 861 861 863 863 863 862 861 859 859 858 858 857 857 857 858 858 858 858 859 860 860 861 861 862 862 862 863 863 864 865 866 867 868 868 869 870 871 871 871 871 873 874 874 875 875 874 874 875 876 875 873 872 871 871
890 889 887 885 883 881 879 877 876 876 876 877 878 878 877 876 875 873 872 872 871 871 871 870 868 867 865 863 862 861 861 860 859 860 861 862 861 861 861 860 861 863 863 863 863 861 860 859 858 857 857 857 857 858 859 858 858 859 860 861 861 862 862 863 863 863 864 865 865 866 866 867 869 870 871 871 871 871 871 872 873 873 874 874 874 874 874 875 874 872 870 870 869
889 887 885 884 882 881 879 877 876 876 876 877 878 878 877 875 874 873 872 871 870 869 869 868 867 866 865 863 862 861 861 860 859 860 861 861 861 860 860 860 861 862 863 863 863 862 860 858 857 857 857 857 858 859 859 858 858 859 860 861 861 862 863 863 863 864 864 865 865 865 866 867 869 870 871 871 871 871 871 871 871 872 873 874 874 874 874 873 872 870 869 868 868
886 885 884 883 882 881 879 878 876 876 876 876 877 877 876 875 873 872 871 870 869 869 868 867 867 866 864 863 862 861 860 859 859 859 860 860 860 859 859 859 860 862 863 863 863 861 859 858 857 857 857 857 858 858 859 858 858 858 859 860 861 862 862 863 863 863 864 864 864 865 866 867 868 870 870 870 871 871 871 871 870 871 871 872 873 873 873 872 871 869 868 867 867
884 883 883 882 882 881 879 878 877 876 876 876 876 876 875 874 872 870 869 869 868 868 868 868 867 866 864 863 861 861 860 859 858 859 859 859 859 858 858 859 860 861 862 862 862 860 859 858 857 857 857 857 857 858 858 857 857 858 859 860 860 861 862 862 863 862 863 863 863 864 866 867 868 869 869 869 870 871 871 870 869 869 870 870 871 872 872 871 870 868 867 866 866
882 882 882 882 881 881 880 878 877 877 876 876 875 874 874 873 871 870 868 868 868 868 868 867 867 866 864 862 861 860 859 859 858 858 859 859 858 858 857 857 858 860 861 861 860 859 858 857 857 857 857 857 857 857 857 857 857 858 859 859 859 860 861 862 862 862 862 862 863 864 865 866 867 868 868 869 869 870 871 870 869 868 868 869 870 870 870 869 868 867 866 865 864
881 881 881 881 881 880 880 879 878 877 876 875 874 874 873 872 871 869 868 868 867 867 867 867 866 865 863 862 861 860 859 859 858 858 858 858 857 857 856 856 856 858 858 859 859 858 857 857 857 856 856 856 856 855 855 856 856 857 858 859 859 859 860 861 861 861 862 862 862 864 865 866 866 867 867 868 868 869 869 869 868 868 868 868 869 869 868 868 866 865 864 863 863
881 881 881 880 880 880 880 879 878 877 876 875 874 873 872 871 870 869 868 867 867 867 866 866 865 864 863 861 860 859 859 858 858 858 857 857 856 856 855 854 854 855 856 857 857 857 856 856 856 856 856 855 855 854 854 855 856 857 858 858 859 859 860 860 860 861 861 861 862 863 865 865 866 866 867 867 867 868 868 867 867 867 867 867 867 867 866 865 864 863 862 861 861
880 881 880 880 880 879 879 878 878 877 877 875 874 872 871 870 869 868 867 867 866 866 865 864 863 862 861 860 860 859 858 858 857 857 856 856 856 855 854 853 854 854 855 855 856 856 855 855 856 856 855 854 854 853 854 854 855 856 857 858 858 859 859 859 859 860 860 861 862 863 864 865 865 866 866 866 867 867 867 867 866 866 866 866 865 865 864 862 861 860 860 859 859
879 880 880 880 880 879 878 878 877 877 877 875 874 872 870 869 868 867 866 866 865 865 864 863 862 860 860 859 859 859 858 857 856 856 855 855 855 855 854 853 853 853 854 854 855 855 854 855 855 855 854 853 853 853 853 854 854 855 856 857 858 858 858 858 858 859 859 860 861 862 863 864 865 865 865 865 866 866 866 866 865 865 865 864 864 863 861 859 858 858 858 857 857
879 880 880 880 879 878 877 877 877 876 876 875 873 871 869 868 866 866 865 865 865 864 863 862 860 859 859 859 858 858 857 856 855 855 855 855 855 855 854 853 853 852 852 853 853 853 853 854 854 855 854 853 853 853 853 853 853 854 855 856 857 857 858 858 858 859 859 860 861 861 862 863 864 864 865 864 865 865 865 865 864 864 863 863 862 861 859 857 857 856 856 855 855
879 880 880 880 879 878 877 877 876 875 874 873 872 871 869 867 865 864 864 864 864 864 862 861 859 858 858 858 857 857 856 855 854 854 854 854 855 855 854 853 852 851 851 851 851 852 852 852 853 854 854 853 853 852 852 852 853 853 854 855 856 856 857 857 858 859 859 860 860 860 860 861 862 863 864 864 864 864 864 864 863 862 861 861 860 859 858 857 856 855 854 853 852
878 879 879 879 878 877 876 876 875 874 873 872 872 871 868 866 865 863 863 863 864 863 861 860 858 857 857 857 856 855 854 853 853 852 853 853 854 855 854 853 852 850 850 850 850 850 850 851 852 853 853 853 853 852 852 852 852 853 853 854 854 855 856 857 858 858 859 860 860 859 859 859 861 862 862 863 863 863 863 862 862 861 860 859 858 858 857 856 855 854 852 851 851
877 878 879 878 877 876 875 874 873 872 872 872 871 870 868 866 864 862 862 862 863 861 860 858 856 855 855 856 855 854 853 852 851 851 851 852 853 853 853 852 851 850 849 848 848 848 849 850 851 852 852 853 853 852 852 852 851 852 852 853 853 854 855 856 857 858 859 859 859 859 858 859 860 861 862 862 862 861 861 861 861 861 860 859 858 857 856 855 854 853 852 851 850
876 877 878 877 876 875 874 872 871 871 871 871 870 869 867 865 864 862 861 861 861 860 858 856 855 854 854 854 854 853 852 850 849 849 849 850 851 851 852 851 850 849 848 847 847 847 848 849 850 850 851 852 852 852 852 851 851 851 851 852 852 853 854 855 856 857 858 858 858 858 858 858 859 859 860 861 861 860 859 860 860 860 859 859 857 856 855 854 854 853 852 850 849
875 876 876 876 875 874 873 871 870 870 871 870 869 868 866 864 863 862 861 861 861 859 857 855 854 853 853 853 853 852 851 850 849 848 847 848 849 849 850 850 849 848 847 847 847 847 848 848 848 849 850 851 852 852 852 851 851 850 850 851 851 852 853 854 854 855 856 856 857 857 858 858 858 858 859 860 859 858 858 859 859 859 858 857 856 855 854 853 853 852 851 850 849
873 874 875 875 874 873 872 871 870 870 870 869 868 867 865 863 862 861 861 861 860 859 857 855 854 853 853 852 852 852 851 850 848 847 845 845 846 847 848 848 848 848 847 847 847 848 849 849 847 847 848 850 851 851 851 851 850 850 850 850 850 850 851 852 853 853 854 855 856 857 857 858 857 857 857 857 857 857 857 858 858 858 857 856 855 854 853 853 851 850 849 849 849
871 873 873 873 873 872 871 870 870 869 869 868 866 865 863 862 861 861 861 860 860 858 857 855 854 853 852 852 851 851 850 849 848 846 844 843 843 844 845 846 846 846 847 847 847 848 849 848 846 845 847 848 849 850 851 850 850 849 848 848 848 848 849 850 851 851 852 853 855 856 856 856 856 855 855 855 855 855 856 856 856 855 854 854 853 852 852 852 851 849 849 849 849
870 871 871 872 872 871 870 870 869 868 867 866 864 863 862 861 860 860 860 859 859 858 857 856 854 853 852 852 851 851 850 848 847 844 842 841 841 841 841 841 843 844 845 847 847 848 848 847 845 844 845 847 848 850 850 850 849 848 846 845 845 845 846 847 848 849 851 852 853 854 854 854 853 853 853 854 854 854 854 854 853 852 852 851 851 850 851 851 851 850 849 849 850
869 869 870 870 870 869 869 869 868 867 866 864 862 861 860 860 860 859 859 858 858 858 857 856 855 854 852 851 850 850 848 847 845 843 841 839 838 838 838 838 839 842 844 846 847 847 847 846 844 843 844 846 847 849 849 849 848 846 845 843 842 842 843 845 846 848 850 851 852 852 852 852 851 851 851 852 852 853 853 851 850 849 849 849 849 849 850 851 851 850 850 850 850
868 868 867 867 867 867 867 867 867 866 865 863 861 860 860 860 859 858 858 857 857 857 857 856 856 854 853 851 849 848 846 845 843 841 839 838 837 836 836 836 838 840 842 843 844 845 845 845 843 843 843 844 845 846 847 847 847 845 843 842 841 841 842 843 845 847 848 850 850 851 850 850 849 849 850 850 851 852 851 850 848 847 847 847 848 849 851 852 852 851 850 850 850
867 866 865 865 865 865 866 866 866 865 864 862 861 860 860 859 859 858 857 857 856 856 856 856 856 855 853 851 848 846 844 842 840 839 838 837 836 835 835 835 836 839 840 841 841 842 843 843 843 843 843 843 843 844 844 845 845 844 843 842 841 841 841 842 844 845 847 848 849 849 849 848 848 848 848 848 849 850 850 849 847 846 844 845 848 850 852 854 853 852 851 851 851
866 865 864 863 864 864 864 864 864 864 863 862 861 860 859 859 858 857 856 856 855 855 855 855 855 854 853 850 848 844 842 839 838 837 836 836 835 835 835 835 836 837 838 838 839 840 841 842 842 843 842 841 841 842 842 842 843 842 842 841 841 841 841 842 843 845 846 846 847 847 847 847 847 846 847 847 848 849 849 848 846 845 844 845 848 850 853 854 853 852 851 851 851
864 864 864 863 863 864 864 863 863 863 863 862 860 859 859 859 858 857 856 855 855 854 854 854 854 854 852 850 847 843 839 837 835 835 835 835 835 835 835 835 836 836 836 836 836 838 839 841 841 842 841 841 840 840 840 840 840 841 841 841 841 842 842 842 843 844 845 845 845 846 846 846 846 845 846 846 847 848 847 846 845 845 844 845 848 850 852 853 852 851 850 851 851
863 863 863 863 863 863 863 862 862 862 862 861 860 859 858 858 857 857 856 855 854 853 853 853 853 853 851 849 846 841 838 835 834 833 834 834 835 835 836 836 836 835 835 834 835 836 838 840 840 841 841 840 840 839 839 839 839 840 841 841 842 842 842 842 843 844 844 844 844 845 846 846 845 845 845 846 846 847 847 846 845 845 845 846 848 850 851 852 851 850 850 850 851
862 862 862 862 862 862 861 861 860 861 861 861 859 858 858 857 857 857 856 855 854 853 852 852 852 851 850 848 845 840 837 834 833 833 833 834 835 836 837 837 836 835 835 834 834 835 837 839 840 840 840 840 840 839 838 838 838 839 840 841 842 843 843 843 843 844 844 844 844 845 846 846 846 846 846 847 847 848 847 846 846 845 846 847 849 850 850 850 850 849 849 849 850
861 861 861 861 861 861 860 860 859 860 860 860 859 858 857 856 856 857 857 855 854 853 852 851 851 850 849 847 843 839 836 834 833 833 834 835 836 837 837 837 836 835 835 834 834 835 837 838 839 840 840 840 840 839 839 838 838 839 840 841 842 843 843 843 843 844 844 844 845 846 847 847 847 847 847 848 848 849 849 848 847 846 847 847 849 850 850 849 849 848 848 848 849
860 860 860 860 860 859 859 858 858 859 859 859 858 857 856 856 856 857 857 856 854 852 850 849 849 849 847 845 842 838 836 834 833 833 834 835 836 837 837 837 836 835 834 834 834 835 836 837 839 840 840 840 840 839 839 839 839 840 842 843 843 843 843 843 843 843 844 844 845 846 847 847 847 847 848 848 849 850 850 849 848 848 848 849 850 850 850 849 849 848 848 848 848
859 859 858 858 858 858 858 858 857 858 858 858 857 856 856 855 856 856 856 856 854 852 849 848 847 847 846 844 841 838 835 834 833 833 834 835 837 837 837 837 836 834 834 834 834 835 835 837 838 840 840 840 840 839 840 841 842 843 844 844 844 844 843 842 842 843 843 844 845 846 847 847 847 848 848 849 849 850 851 850 850 850 850 850 851 851 850 850 849 848 848 847 848
857 857 856 856 856 856 857 857 857 857 858 857 856 856 855 855 855 855 855 855 853 850 847 845 845 845 844 843 840 837 835 834 833 833 835 835 836 837 837 837 836 835 834 835 836 836 836 838 839 841 841 841 840 840 841 842 843 844 845 845 845 844 843 842 842 843 843 844 845 846 847 847 848 848 849 849 850 851 851 851 851 851 851 851 851 851 851 850 850 849 848 848 848
855 855 855 855 855 855 855 856 856 856 857 857 856 855 854 854 854 854 854 853 852 848 845 843 843 842 842 842 840 837 835 834 833 833 834 835 836 836 837 837 837 836 837 838 839 839 840 841 842 843 843 843 842 841 841 842 844 845 846 846 845 844 843 841 841 843 844 845 846 847 847 848 849 850 850 851 851 851 851 852 852 852 852 852 851 851 851 851 851 850 849 849 850
