chosica_elevation.asc
ncols        263
nrows        263
xllcorner    -76.722866167406
yllcorner    -11.956990632977
cellsize     0.000113713219
NODATA_value 0
[rows 41 to 81 of 263, columns 93 to 185 of 263]
1214 1221 1227 1231 1234 1236 1241 1247 1255 1264 1274 1283 1290 1296 1302 1307 1312 1318 1321 1321 1320 1318 1316 1313 1312 1309 1304 1298 1294 1290 1286 1280 1274 1266 1257 1247 1239 1232 1227 1223 1220 1215 1208 1201 1194 1187 1180 1172 1164 1154 1145 1134 1124 1119 1118 1113 1107 1099 1089 1079 1071 1067 1062 1057 1052 1046 1041 1036 1031 1026 1021 1017 1013 1009 1005 1001 997 995 993 992 991 990 988 986 985 984 984 984 983 983 984 985 987
1210 1217 1224 1229 1233 1234 1238 1244 1250 1258 1267 1275 1282 1289 1295 1301 1307 1312 1315 1314 1313 1313 1312 1312 1313 1312 1307 1301 1297 1294 1291 1289 1282 1277 1267 1254 1245 1238 1233 1229 1226 1221 1215 1208 1201 1194 1185 1176 1167 1158 1149 1140 1131 1124 1119 1113 1107 1099 1089 1079 1072 1068 1064 1059 1054 1048 1042 1037 1033 1028 1023 1017 1013 1009 1005 1000 996 994 993 991 989 987 985 984 983 982 981 981 981 981 982 983 984
1204 1211 1219 1227 1231 1234 1238 1242 1246 1252 1259 1266 1272 1279 1286 1292 1298 1303 1306 1306 1307 1308 1309 1311 1313 1313 1310 1305 1302 1298 1295 1292 1286 1284 1273 1260 1251 1244 1238 1235 1232 1227 1220 1213 1206 1198 1189 1178 1169 1160 1152 1143 1135 1127 1120 1113 1107 1099 1089 1080 1073 1069 1064 1059 1054 1049 1044 1039 1034 1030 1023 1017 1012 1008 1003 998 994 992 991 989 987 985 983 982 980 980 979 979 979 980 981 982 983
1199 1205 1214 1223 1228 1232 1235 1238 1241 1246 1252 1257 1263 1269 1276 1283 1289 1294 1297 1299 1301 1303 1306 1309 1312 1313 1311 1309 1306 1302 1298 1293 1287 1287 1276 1265 1256 1249 1244 1240 1236 1232 1226 1219 1210 1201 1189 1176 1167 1160 1153 1144 1135 1127 1120 1113 1106 1099 1090 1081 1074 1069 1064 1058 1053 1048 1044 1040 1036 1031 1024 1016 1011 1006 1001 996 991 989 987 986 984 982 981 979 978 977 977 977 978 979 980 981 982
1196 1201 1208 1215 1220 1224 1227 1230 1233 1239 1245 1251 1256 1262 1268 1274 1280 1286 1291 1294 1297 1300 1303 1307 1310 1313 1313 1311 1309 1306 1301 1294 1286 1277 1277 1267 1260 1253 1248 1243 1239 1234 1229 1222 1212 1201 1188 1174 1165 1159 1152 1144 1135 1127 1119 1112 1105 1098 1090 1082 1075 1070 1064 1057 1051 1047 1044 1040 1036 1031 1024 1016 1009 1004 999 994 989 986 984 982 981 980 979 977 976 975 975 976 977 978 979 981 982
1192 1197 1201 1206 1210 1213 1217 1220 1224 1231 1238 1244 1250 1255 1260 1266 1272 1279 1285 1290 1295 1298 1301 1304 1309 1312 1313 1314 1312 1308 1302 1293 1284 1275 1266 1266 1260 1254 1248 1243 1238 1233 1228 1220 1210 1199 1186 1173 1164 1158 1151 1143 1134 1125 1117 1110 1103 1096 1089 1082 1076 1069 1063 1055 1048 1044 1042 1038 1034 1029 1023 1015 1008 1002 996 991 986 984 982 981 980 979 978 976 975 974 974 974 975 977 979 980 981
1188 1191 1194 1197 1201 1205 1209 1212 1216 1222 1228 1235 1241 1247 1253 1258 1265 1272 1278 1284 1290 1294 1298 1302 1307 1311 1314 1315 1313 1309 1302 1292 1282 1273 1265 1265 1258 1252 1246 1240 1235 1229 1224 1216 1206 1195 1183 1172 1163 1156 1149 1141 1132 1124 1115 1107 1100 1094 1088 1081 1075 1069 1062 1053 1045 1041 1038 1035 1031 1026 1021 1014 1007 1000 994 988 984 982 981 980 979 978 977 976 975 974 973 973 974 976 978 980 980
1183 1184 1186 1189 1193 1198 1202 1205 1208 1212 1217 1223 1231 1238 1245 1251 1257 1264 1270 1278 1284 1289 1294 1299 1306 1311 1314 1315 1313 1308 1300 1290 1279 1272 1265 1258 1258 1251 1245 1238 1231 1225 1219 1211 1201 1190 1179 1169 1161 1154 1148 1140 1131 1122 1113 1104 1098 1092 1085 1079 1072 1065 1058 1050 1042 1038 1035 1032 1028 1023 1018 1012 1006 998 992 987 983 981 980 980 979 978 976 975 974 973 972 973 973 975 977 979 979
1177 1178 1179 1181 1185 1191 1195 1197 1199 1203 1207 1213 1222 1230 1237 1244 1251 1257 1264 1272 1279 1285 1290 1296 1304 1309 1313 1314 1311 1306 1298 1288 1278 1271 1265 1257 1249 1249 1241 1235 1227 1219 1212 1204 1194 1183 1173 1164 1157 1152 1146 1139 1131 1121 1110 1102 1095 1089 1082 1074 1067 1060 1053 1045 1039 1035 1032 1028 1024 1019 1014 1009 1003 996 990 986 983 982 981 980 979 977 975 974 972 972 972 972 972 974 977 978 979
1172 1173 1174 1175 1178 1181 1184 1187 1190 1194 1199 1206 1214 1223 1230 1237 1245 1252 1260 1267 1274 1280 1285 1292 1301 1307 1310 1311 1308 1303 1296 1286 1277 1270 1264 1256 1247 1236 1236 1225 1222 1213 1206 1197 1188 1178 1169 1160 1154 1150 1144 1137 1129 1120 1109 1099 1092 1085 1077 1069 1062 1055 1048 1042 1037 1032 1029 1025 1020 1015 1010 1005 1000 994 989 986 983 982 982 980 979 977 975 972 971 971 971 971 972 973 975 977 978
1166 1168 1169 1170 1171 1172 1174 1176 1180 1185 1192 1199 1207 1215 1223 1231 1239 1248 1256 1263 1269 1275 1281 1288 1297 1303 1306 1306 1304 1299 1293 1285 1276 1270 1263 1254 1243 1232 1232 1219 1208 1207 1200 1192 1183 1175 1166 1158 1151 1146 1141 1134 1127 1118 1108 1098 1089 1080 1071 1063 1056 1050 1045 1040 1035 1031 1027 1022 1016 1011 1005 1000 995 990 987 985 984 983 981 980 978 976 974 972 971 971 971 971 971 972 973 975 976
1160 1161 1162 1163 1164 1164 1165 1167 1171 1177 1184 1191 1198 1206 1214 1223 1233 1242 1251 1258 1265 1272 1278 1285 1292 1297 1300 1300 1299 1296 1291 1283 1275 1267 1259 1249 1238 1227 1214 1214 1203 1195 1194 1187 1180 1172 1164 1156 1149 1143 1137 1131 1124 1116 1107 1097 1086 1075 1066 1058 1051 1047 1043 1039 1034 1029 1024 1018 1012 1006 1000 994 990 987 985 984 984 982 980 979 977 975 973 971 970 970 970 970 970 971 971 973 975
1153 1154 1155 1156 1156 1156 1157 1159 1162 1169 1177 1183 1188 1195 1205 1216 1226 1236 1245 1253 1261 1269 1276 1282 1287 1290 1292 1293 1294 1293 1289 1281 1272 1263 1253 1243 1233 1222 1210 1198 1198 1190 1185 1183 1177 1171 1164 1156 1148 1140 1133 1126 1120 1113 1104 1094 1082 1071 1062 1054 1048 1044 1040 1036 1032 1026 1020 1014 1007 1001 995 990 986 984 983 982 981 979 978 976 975 974 972 970 969 968 969 968 969 969 970 972 975
1147 1146 1147 1148 1148 1148 1149 1150 1154 1160 1169 1176 1181 1189 1200 1212 1221 1230 1240 1249 1257 1266 1273 1278 1281 1283 1285 1286 1287 1287 1283 1276 1268 1258 1248 1238 1228 1217 1205 1194 1194 1186 1181 1176 1175 1170 1163 1155 1147 1137 1128 1122 1115 1108 1099 1090 1079 1069 1060 1051 1045 1041 1037 1033 1029 1023 1015 1008 1002 996 990 986 983 982 980 978 977 975 974 973 973 972 970 968 967 966 966 966 967 968 969 972 976
1141 1139 1139 1140 1140 1141 1142 1142 1145 1151 1160 1169 1178 1188 1199 1210 1219 1226 1234 1244 1253 1261 1267 1272 1274 1276 1278 1279 1278 1277 1273 1266 1259 1252 1245 1235 1223 1212 1201 1191 1183 1183 1177 1172 1169 1168 1161 1153 1144 1133 1123 1117 1110 1103 1095 1086 1077 1067 1058 1049 1043 1039 1035 1031 1026 1019 1011 1004 997 992 987 983 980 979 977 975 973 972 971 971 971 970 969 967 966 965 964 965 965 966 968 971 976
1134 1132 1132 1132 1133 1134 1135 1135 1137 1143 1152 1163 1175 1187 1198 1208 1216 1222 1230 1240 1249 1256 1261 1265 1268 1269 1271 1272 1271 1268 1264 1258 1252 1247 1241 1232 1220 1208 1197 1188 1180 1174 1174 1169 1165 1160 1157 1148 1138 1127 1117 1111 1105 1098 1091 1083 1075 1066 1056 1046 1040 1037 1034 1029 1023 1016 1007 1000 994 989 984 980 977 975 974 971 969 968 968 968 969 969 968 966 965 964 964 963 964 965 967 971 977
1125 1124 1124 1124 1126 1129 1131 1130 1132 1137 1145 1157 1172 1186 1195 1202 1210 1217 1225 1236 1245 1251 1255 1259 1263 1265 1267 1267 1266 1263 1260 1255 1250 1244 1238 1228 1216 1205 1195 1186 1178 1172 1172 1166 1160 1154 1146 1143 1133 1122 1112 1106 1100 1094 1087 1080 1073 1065 1055 1044 1038 1035 1032 1027 1021 1014 1005 997 992 987 982 977 974 972 971 968 966 966 966 966 967 967 966 965 964 964 963 963 963 964 966 970 977
1116 1116 1116 1117 1121 1125 1128 1127 1128 1132 1139 1151 1169 1183 1190 1195 1202 1212 1221 1233 1242 1246 1249 1253 1258 1262 1263 1263 1262 1260 1258 1255 1250 1243 1235 1225 1214 1203 1193 1185 1178 1171 1164 1164 1156 1147 1139 1130 1128 1119 1111 1103 1097 1090 1083 1076 1069 1062 1052 1043 1037 1034 1031 1026 1021 1013 1003 995 991 987 982 976 973 970 968 966 965 964 964 965 966 966 966 965 964 963 962 962 962 963 966 969 975
1105 1106 1108 1111 1115 1121 1125 1125 1126 1129 1135 1146 1163 1176 1182 1187 1195 1205 1215 1227 1237 1242 1244 1249 1254 1257 1259 1259 1259 1258 1256 1255 1251 1243 1233 1223 1211 1201 1192 1185 1178 1171 1163 1153 1153 1143 1133 1125 1119 1117 1110 1102 1094 1086 1079 1072 1065 1058 1050 1042 1037 1033 1030 1026 1021 1012 1002 994 991 987 982 976 972 969 967 965 964 963 963 964 965 965 965 965 964 962 961 961 961 963 965 969 974
1092 1096 1100 1104 1110 1117 1122 1124 1126 1128 1132 1141 1153 1165 1173 1180 1188 1197 1207 1220 1232 1238 1242 1246 1249 1252 1254 1256 1257 1256 1256 1255 1252 1244 1234 1222 1209 1198 1192 1186 1179 1172 1163 1151 1151 1140 1130 1121 1115 1112 1109 1100 1091 1083 1075 1067 1061 1055 1048 1040 1035 1032 1028 1024 1019 1011 1001 993 990 986 981 976 972 969 966 964 963 962 962 963 964 964 964 963 962 961 960 960 961 962 965 968 972
1082 1088 1093 1099 1105 1113 1118 1122 1125 1127 1131 1137 1147 1157 1166 1174 1182 1190 1201 1214 1226 1233 1239 1242 1244 1247 1250 1253 1254 1255 1255 1255 1253 1245 1234 1221 1207 1196 1190 1186 1180 1173 1164 1151 1138 1138 1127 1118 1113 1110 1105 1098 1088 1079 1070 1063 1058 1052 1045 1038 1033 1030 1026 1021 1016 1009 1000 993 989 984 980 976 972 969 967 964 963 962 962 962 963 963 962 961 960 959 959 959 960 962 963 967 972
1075 1081 1087 1093 1100 1108 1114 1118 1122 1126 1130 1137 1146 1156 1163 1170 1178 1186 1196 1208 1219 1227 1234 1239 1242 1244 1248 1251 1252 1253 1253 1253 1251 1243 1233 1220 1205 1193 1188 1184 1179 1174 1165 1151 1137 1126 1126 1117 1111 1108 1103 1095 1087 1077 1067 1059 1054 1049 1043 1036 1031 1028 1024 1019 1014 1007 999 992 987 983 979 975 972 969 966 964 962 961 961 961 961 962 961 959 958 958 958 958 960 961 962 965 970
1069 1075 1082 1088 1096 1103 1109 1115 1120 1124 1129 1137 1147 1156 1162 1168 1175 1183 1192 1202 1212 1221 1228 1234 1239 1242 1246 1248 1250 1251 1251 1251 1248 1241 1232 1219 1203 1191 1186 1182 1178 1174 1166 1152 1138 1126 1126 1116 1109 1105 1100 1094 1086 1076 1065 1057 1051 1046 1039 1033 1028 1026 1022 1018 1012 1005 996 990 985 981 977 974 970 967 964 962 961 960 959 959 960 960 959 959 958 957 957 957 958 959 961 964 968
1065 1071 1078 1085 1091 1098 1104 1110 1116 1123 1129 1137 1145 1153 1160 1167 1174 1182 1190 1198 1207 1215 1223 1229 1235 1239 1242 1245 1248 1250 1250 1249 1246 1239 1230 1217 1199 1187 1182 1180 1177 1174 1166 1152 1138 1127 1117 1117 1109 1104 1098 1092 1085 1075 1065 1056 1049 1043 1036 1030 1026 1024 1021 1016 1011 1003 994 987 983 979 976 972 968 965 962 960 959 958 958 957 958 958 958 958 958 957 956 956 956 957 959 962 966
1063 1069 1075 1082 1087 1092 1098 1106 1113 1121 1130 1137 1143 1150 1159 1167 1175 1181 1188 1195 1202 1209 1217 1224 1230 1235 1239 1241 1245 1248 1249 1248 1244 1238 1229 1215 1195 1182 1179 1178 1176 1173 1165 1152 1139 1128 1118 1109 1109 1102 1095 1089 1083 1074 1064 1055 1047 1040 1033 1027 1023 1021 1019 1014 1009 1001 992 985 981 977 973 969 966 963 960 959 958 957 956 956 956 957 958 958 957 957 956 955 954 955 957 960 964
1059 1066 1072 1079 1084 1088 1094 1103 1112 1121 1130 1137 1142 1148 1158 1167 1174 1180 1185 1191 1198 1204 1211 1218 1225 1231 1235 1238 1242 1246 1247 1244 1240 1234 1226 1213 1195 1183 1180 1179 1176 1171 1163 1151 1139 1127 1117 1108 1108 1100 1092 1086 1080 1072 1063 1054 1047 1039 1031 1024 1020 1019 1017 1012 1007 999 990 984 979 974 970 966 963 960 959 957 956 955 954 954 955 956 957 957 957 957 956 954 952 953 954 958 963
1055 1062 1068 1075 1080 1085 1092 1102 1112 1121 1129 1136 1141 1148 1158 1167 1173 1178 1183 1189 1195 1200 1206 1213 1221 1227 1231 1235 1239 1242 1242 1238 1233 1228 1221 1212 1201 1191 1187 1183 1177 1170 1161 1149 1137 1125 1113 1104 1096 1096 1089 1083 1076 1068 1060 1052 1043 1037 1029 1022 1018 1017 1014 1010 1004 997 989 982 977 972 968 964 961 959 957 956 955 953 953 952 953 954 955 956 957 956 955 953 951 951 953 956 961
1051 1057 1065 1072 1077 1083 1091 1102 1113 1121 1128 1135 1141 1148 1157 1166 1171 1174 1179 1185 1191 1196 1201 1207 1215 1222 1227 1231 1235 1237 1236 1232 1227 1222 1217 1212 1206 1200 1194 1187 1178 1168 1158 1147 1135 1122 1109 1100 1093 1087 1087 1080 1072 1065 1058 1050 1042 1034 1028 1021 1016 1013 1010 1006 1000 994 987 980 975 970 966 962 959 957 955 954 953 952 951 951 951 952 953 955 955 955 954 952 949 950 951 955 960
1046 1053 1061 1069 1076 1082 1091 1102 1113 1121 1127 1133 1139 1146 1154 1161 1166 1170 1174 1180 1185 1190 1195 1201 1209 1216 1222 1227 1230 1231 1230 1227 1224 1220 1216 1213 1209 1204 1197 1188 1178 1166 1155 1143 1131 1119 1106 1097 1090 1084 1078 1078 1071 1064 1057 1049 1042 1034 1027 1020 1015 1010 1006 1002 997 991 985 979 973 968 964 961 958 956 954 952 951 950 949 949 949 949 951 953 953 954 953 950 948 948 950 953 958
1042 1049 1057 1066 1075 1083 1092 1103 1112 1119 1125 1131 1137 1144 1150 1156 1160 1164 1168 1173 1179 1184 1189 1195 1203 1210 1216 1221 1224 1224 1224 1223 1221 1219 1216 1214 1212 1207 1199 1189 1177 1164 1151 1139 1127 1115 1104 1095 1088 1082 1077 1077 1071 1064 1057 1050 1043 1036 1028 1021 1014 1009 1003 999 995 989 983 977 972 967 964 960 957 954 952 951 950 949 948 947 947 947 948 949 950 950 950 948 947 947 948 951 955
1038 1046 1055 1064 1073 1082 1091 1100 1109 1116 1121 1128 1134 1140 1145 1149 1154 1158 1162 1167 1172 1178 1183 1190 1197 1204 1211 1216 1219 1219 1219 1219 1218 1217 1215 1213 1212 1208 1200 1190 1177 1162 1148 1135 1123 1113 1103 1095 1088 1082 1077 1072 1072 1065 1058 1051 1044 1036 1029 1021 1014 1007 1001 997 993 987 982 976 972 967 963 960 956 953 950 949 949 948 947 946 945 945 945 946 946 946 946 946 945 946 947 949 952
1035 1043 1053 1063 1071 1079 1087 1096 1103 1110 1117 1123 1129 1134 1138 1142 1147 1151 1156 1161 1167 1172 1178 1185 1192 1199 1206 1211 1214 1214 1214 1215 1216 1215 1213 1211 1209 1206 1200 1192 1178 1160 1144 1131 1120 1111 1104 1097 1090 1083 1079 1074 1067 1067 1060 1053 1045 1037 1029 1022 1014 1007 1000 996 991 986 981 976 971 967 963 959 955 951 949 948 947 947 946 945 944 943 943 943 943 944 944 944 945 945 946 947 951
1034 1041 1051 1061 1069 1076 1083 1090 1097 1104 1111 1117 1123 1127 1131 1135 1139 1143 1149 1155 1161 1167 1173 1180 1188 1194 1201 1206 1209 1210 1211 1212 1212 1212 1210 1209 1207 1204 1201 1194 1179 1158 1141 1127 1116 1109 1104 1098 1091 1085 1080 1075 1069 1069 1063 1055 1047 1038 1030 1022 1015 1007 1001 995 990 985 980 975 971 967 962 957 953 949 947 946 946 946 945 944 942 940 940 940 941 942 943 943 944 945 945 947 950
1033 1042 1050 1059 1065 1071 1076 1082 1088 1095 1103 1109 1115 1119 1123 1126 1130 1135 1141 1148 1155 1162 1169 1176 1183 1189 1196 1201 1205 1208 1209 1209 1208 1208 1207 1206 1205 1203 1202 1197 1181 1158 1139 1122 1110 1105 1105 1100 1093 1087 1082 1077 1071 1065 1065 1058 1049 1039 1031 1023 1016 1008 1001 994 989 984 979 974 970 966 961 955 951 948 945 945 945 944 943 942 940 939 938 939 939 941 942 943 944 944 945 947 950
1034 1042 1049 1056 1061 1065 1069 1074 1080 1086 1093 1100 1106 1111 1114 1117 1121 1127 1133 1140 1148 1157 1165 1172 1178 1184 1190 1196 1201 1205 1206 1205 1204 1204 1204 1203 1203 1202 1203 1200 1183 1159 1137 1117 1104 1102 1105 1102 1095 1089 1083 1078 1073 1068 1060 1060 1050 1041 1032 1024 1016 1009 1001 994 987 982 977 972 967 963 958 953 949 946 944 943 943 942 941 940 939 938 938 939 940 941 942 943 943 944 945 947 950
1033 1040 1046 1052 1056 1059 1063 1068 1072 1078 1084 1090 1096 1102 1105 1109 1114 1119 1126 1134 1142 1151 1159 1167 1173 1179 1185 1191 1195 1198 1199 1200 1200 1201 1202 1202 1202 1201 1203 1200 1183 1158 1136 1115 1101 1101 1106 1103 1096 1089 1084 1078 1073 1069 1062 1062 1053 1043 1034 1024 1016 1009 1002 994 987 980 975 969 964 960 955 951 947 945 943 942 942 940 938 937 937 938 939 940 940 941 942 943 943 943 944 946 950
1031 1038 1043 1047 1050 1054 1058 1062 1066 1070 1074 1079 1086 1092 1096 1101 1106 1112 1119 1127 1136 1144 1153 1161 1168 1174 1180 1185 1188 1188 1190 1193 1196 1199 1201 1202 1202 1201 1201 1198 1182 1158 1136 1115 1100 1101 1106 1104 1096 1089 1083 1078 1073 1069 1063 1055 1055 1046 1035 1025 1016 1009 1002 994 987 980 972 967 962 957 953 949 946 944 942 941 940 938 937 936 937 938 939 940 940 941 942 942 942 943 943 945 949
1028 1035 1038 1041 1045 1048 1052 1056 1059 1062 1065 1069 1076 1082 1087 1093 1099 1105 1112 1121 1129 1138 1146 1154 1161 1168 1174 1179 1181 1180 1182 1187 1191 1195 1197 1199 1198 1197 1198 1194 1180 1158 1138 1118 1104 1103 1107 1105 1098 1090 1083 1076 1072 1069 1064 1056 1048 1048 1037 1025 1016 1009 1001 993 986 978 971 964 960 955 950 946 944 943 941 940 938 937 936 936 936 937 938 939 940 941 941 941 942 942 942 944 948
1024 1030 1033 1035 1038 1042 1046 1049 1052 1054 1056 1060 1066 1072 1078 1085 1091 1098 1106 1114 1123 1130 1137 1145 1154 1161 1167 1172 1174 1173 1175 1181 1186 1189 1191 1192 1191 1190 1191 1189 1176 1158 1141 1124 1112 1109 1109 1106 1100 1093 1083 1074 1069 1067 1063 1057 1050 1050 1039 1027 1017 1009 1001 991 983 975 969 963 958 954 949 945 942 941 940 938 937 935 934 934 935 935 937 938 939 939 939 940 940 940 941 942 946
1018 1024 1027 1028 1032 1036 1039 1042 1044 1046 1048 1051 1056 1062 1069 1077 1084 1091 1099 1108 1116 1123 1129 1137 1146 1153 1160 1165 1167 1166 1169 1175 1180 1183 1184 1184 1184 1183 1184 1183 1173 1158 1145 1132 1122 1116 1112 1107 1102 1095 1083 1072 1067 1066 1062 1058 1051 1041 1041 1028 1018 1009 999 989 980 973 967 962 958 953 948 944 941 940 938 936 934 933 932 932 932 933 934 935 936 936 937 937 938 938 939 941 944
1011 1017 1020 1022 1025 1029 1032 1034 1036 1038 1041 1044 1049 1054 1061 1068 1075 1083 1091 1101 1109 1116 1122 1129 1137 1145 1152 1157 1160 1160 1163 1168 1172 1174 1175 1175 1175 1176 1178 1179 1172 1161 1151 1142 1132 1124 1117 1110 1105 1096 1083 1070 1065 1064 1061 1057 1051 1042 1030 1030 1019 1007 995 986 977 970 965 961 956 952 947 943 939 938 937 934 932 931 929 929 930 931 932 933 933 934 934 935 936 936 937 939 942
